[Average (IUPAC)]
description: from Table 2/3 in IUPACs Atomic weights of the elements (2013)
C:  12.011
H:   1.008
N:  14.007
O:  15.999
P:  30.974
S:  32.06
Cl: 35.45

[Average (Zhang)]
description: from Zhang, Z. et al., Mass Spectrom. Rev. 28(1), 147–176 (2009)
C:  12.010790
H:   1.007968
N:  14.006690
O:  15.999370
P:  30.973763
S:  32.063900
Cl: 35.45

[Monoisotopic]
description: from Table 1 in the AME2012 atomic mass evaluation
C:  12.000000
H:   1.007825
N:  14.003074
O:  15.994915
P:  30.973762
S:  31.972071
Cl: 34.968853
